<?xml version="1.0"?>
<opencv_storage>
<highlighter type_id="opencv-matrix">
  <rows>1709</rows>
  <cols>3</cols>
  <dt>f</dt>
  <data>
    184. 335. 335. -1.62744996e-04 -2.87733991e-02 -8.73124972e-03
    -1.62744996e-04 -2.87733991e-02 -8.73124972e-03 -1.62744996e-04
    6.48891032e-02 -9.52500012e-03 -1.62744996e-04 6.48891032e-02
    -9.52500012e-03 2.30250997e-03 6.48891032e-02 -9.20043979e-03
    2.09706998e-03 -2.87733991e-02 -8.43373965e-03 -2.62799999e-03
    6.48891032e-02 -9.20043979e-03 -2.42256001e-03 -2.87733991e-02
    -8.43373965e-03 -4.92523983e-03 6.48891032e-02 -8.24888982e-03
    -4.52837022e-03 -2.87733991e-02 -7.56148016e-03 -1.60080998e-03
    -3.15515995e-02 -5.36692981e-03 -1.60080998e-03 -3.15515995e-02
    -5.36692981e-03 -2.94086989e-03 -3.15515995e-02 -4.81184991e-03
    -1.62744996e-04 -3.15515995e-02 -5.55624999e-03 1.27531996e-03
    -3.15515995e-02 -5.36692981e-03 4.20287997e-03 -2.87733991e-02
    -7.56148016e-03 2.61538010e-03 -3.15515995e-02 -4.81184991e-03
    4.59975982e-03 6.48891032e-02 -8.24888982e-03 -1.62744996e-04
    6.48891032e-02 -7.92379957e-03 -1.62744996e-04 6.48891032e-02
    -7.92379957e-03 -2.21358007e-03 6.48891032e-02 -7.65379984e-03
    -6.89793983e-03 6.48891032e-02 -6.73518982e-03 -6.33666990e-03
    -2.87733991e-02 -6.17393013e-03 -4.09161020e-03 -3.15515995e-02
    -3.92886018e-03 -4.97459993e-03 -3.15515995e-02 -2.77812988e-03
    -7.72423018e-03 -2.87733991e-02 -4.36562020e-03 -5.52967004e-03
    -3.15515995e-02 -1.43805996e-03 -8.59647989e-03 -2.87733991e-02
    -2.25980999e-03 -5.71899023e-03 -3.15515995e-02 -9.02388999e-17
    -8.89398996e-03 -2.87733991e-02 0. -5.52967004e-03 -3.15515995e-02
    1.43805996e-03 -8.59647989e-03 -2.87733991e-02 2.25980999e-03
    -4.97459993e-03 -3.15515995e-02 2.77812011e-03 -7.72423018e-03
    -2.87733991e-02 4.36562020e-03 -4.09161020e-03 -3.15515995e-02
    3.92886018e-03 -6.33666990e-03 -2.87733991e-02 6.17393013e-03
    -2.94086989e-03 -3.15515995e-02 4.81184991e-03 -4.52837022e-03
    -2.87733991e-02 7.56148016e-03 -1.60080998e-03 -3.15515995e-02
    5.36692981e-03 -2.42256001e-03 -2.87733991e-02 8.43373965e-03
    -1.62744996e-04 -3.15515995e-02 5.55624999e-03 -1.62744996e-04
    -2.87733991e-02 8.73124972e-03 1.27531996e-03 -3.15515995e-02
    5.36692981e-03 2.09706998e-03 -2.87733991e-02 8.43373965e-03
    2.61538010e-03 -3.15515995e-02 4.81184991e-03 4.20287997e-03
    -2.87733991e-02 7.56148016e-03 3.76611995e-03 -3.15515995e-02
    3.92886018e-03 6.01118011e-03 -2.87733991e-02 6.17393013e-03
    4.64911014e-03 -3.15515995e-02 2.77812988e-03 7.39873992e-03
    -2.87733991e-02 4.36562020e-03 5.20417979e-03 -3.15515995e-02
    1.43805996e-03 8.27100035e-03 -2.87733991e-02 2.25980999e-03
    8.56851041e-03 -2.87733991e-02 0. 5.39351022e-03 -3.15515995e-02
    6.76792030e-17 9.36225988e-03 6.48891032e-02 0. 9.36225988e-03
    6.48891032e-02 0. 9.03769955e-03 6.48891032e-02 2.46524997e-03
    8.27100035e-03 -2.87733991e-02 -2.25980999e-03 9.03769955e-03
    6.48891032e-02 -2.46524997e-03 7.39873992e-03 -2.87733991e-02
    -4.36562020e-03 8.08614958e-03 6.48891032e-02 -4.76250006e-03
    1.88809005e-03 6.48891032e-02 -7.65379984e-03 -1.62744996e-04
    6.33016005e-02 -7.92379957e-03 -1.62744996e-04 6.33016005e-02
    -7.92379957e-03 1.88809005e-03 6.33016005e-02 -7.65379984e-03
    -2.21358007e-03 6.33016005e-02 -7.65379984e-03 -4.12464980e-03
    6.48891032e-02 -6.86221011e-03 -4.12464980e-03 6.33016005e-02
    -6.86221011e-03 -5.76571980e-03 6.48891032e-02 -5.60296979e-03
    -8.41164030e-03 6.48891032e-02 -4.76250006e-03 -9.36319027e-03
    6.48891032e-02 -2.46524997e-03 -7.02496013e-03 6.48891032e-02
    -3.96189978e-03 -7.02496013e-03 6.33016005e-02 -3.96189978e-03
    -7.02496013e-03 6.33016005e-02 -3.96189978e-03 -7.81655032e-03
    6.48891032e-02 -2.05083005e-03 -7.81655032e-03 6.33016005e-02
    -2.05083005e-03 -9.68774036e-03 6.48891032e-02 0. -9.36319027e-03
    6.48891032e-02 2.46524997e-03 -8.08655005e-03 6.48891032e-02 0.
    -8.08655005e-03 6.33016005e-02 0. -7.81655032e-03 6.48891032e-02
    2.05083005e-03 -7.81655032e-03 6.33016005e-02 2.05083005e-03
    -7.02496013e-03 6.48891032e-02 3.96189978e-03 -8.41164030e-03
    6.48891032e-02 4.76250006e-03 -6.89793983e-03 6.48891032e-02
    6.73518982e-03 -5.76571980e-03 6.48891032e-02 5.60296979e-03
    -5.76571980e-03 6.33016005e-02 5.60296979e-03 -5.76571980e-03
    6.33016005e-02 5.60296979e-03 -4.12464980e-03 6.48891032e-02
    6.86221011e-03 -4.12464980e-03 6.33016005e-02 6.86221011e-03
    -4.92523983e-03 6.48891032e-02 8.24888982e-03 -2.62799999e-03
    6.48891032e-02 9.20043979e-03 4.59975982e-03 6.48891032e-02
    8.24888982e-03 4.59975982e-03 6.48891032e-02 8.24888982e-03
    -1.62744996e-04 6.48891032e-02 7.92379957e-03 -1.62744996e-04
    6.48891032e-02 7.92379957e-03 1.88809005e-03 6.48891032e-02
    7.65379984e-03 3.79916001e-03 6.48891032e-02 6.86221011e-03
    6.57245005e-03 6.48891032e-02 6.73518982e-03 5.44023002e-03
    6.48891032e-02 5.60296979e-03 6.69946987e-03 6.48891032e-02
    3.96189978e-03 7.49106007e-03 6.48891032e-02 2.05083005e-03
    7.76105979e-03 6.48891032e-02 0. 7.49106007e-03 6.48891032e-02
    -2.05083005e-03 6.69946987e-03 6.48891032e-02 -3.96189978e-03
    5.44023002e-03 6.48891032e-02 -5.60296979e-03 3.79916001e-03
    6.33016005e-02 -6.86221011e-03 -2.21358007e-03 6.33016005e-02
    7.65379984e-03 -1.62744996e-04 6.33016005e-02 7.92379957e-03
    1.88809005e-03 6.33016005e-02 7.65379984e-03 3.79916001e-03
    6.33016005e-02 6.86221011e-03 5.44023002e-03 6.33016005e-02
    5.60296979e-03 6.69946987e-03 6.33016005e-02 3.96189978e-03
    7.49106007e-03 6.33016005e-02 2.05083005e-03 7.76105979e-03
    6.33016005e-02 0. 7.49106007e-03 6.33016005e-02 -2.05083005e-03
    6.69946987e-03 6.33016005e-02 -3.96189978e-03 2.30250997e-03
    6.48891032e-02 9.20043979e-03 3.76611995e-03 -3.15515995e-02
    -3.92886018e-03 4.64911014e-03 -3.15515995e-02 -2.77812011e-03
    2.87480000e-03 -6.48891032e-02 -7.33328983e-03 2.87480000e-03
    -6.48891032e-02 -7.33328983e-03 1.48076005e-03 -6.48891032e-02
    -6.13362994e-03 1.48076005e-03 -6.48891032e-02 -6.13362994e-03
    -3.20029003e-03 -6.48891032e-02 -7.33328983e-03 3.01225996e-03
    -6.48891032e-02 -5.49926003e-03 7.17055006e-03 -6.48891032e-02
    -3.03755002e-03 4.32738010e-03 -3.15515995e-02 -4.49013012e-03
    4.32738010e-03 -3.15515995e-02 -4.49013012e-03 6.18726015e-03
    -3.15515995e-02 0. 7.17055006e-03 -6.48891032e-02 3.03755002e-03
    4.32738010e-03 -3.15515995e-02 4.49013012e-03 2.87480000e-03
    -6.48891032e-02 7.33328983e-03 -1.62744996e-04 -3.15515995e-02
    6.34999992e-03 -4.65286989e-03 -3.15515995e-02 -4.49013012e-03
    -4.65286989e-03 -3.15515995e-02 -4.49013012e-03 -6.51274016e-03
    -3.15515995e-02 2.25597002e-17 -7.49603985e-03 -6.48891032e-02
    -3.03755002e-03 -3.33773997e-03 -6.48891032e-02 -5.49926003e-03
    -3.33773997e-03 -6.48891032e-02 -5.49926003e-03 -1.80624996e-03
    -6.48891032e-02 -6.13362994e-03 1.48076005e-03 -6.40953034e-02
    -6.13362994e-03 1.48076005e-03 -6.40953034e-02 -6.13362994e-03
    -1.62744996e-04 -6.40953034e-02 -6.34999992e-03 3.01225996e-03
    -6.40953034e-02 -5.49926003e-03 4.32738010e-03 -6.48891032e-02
    -4.49013012e-03 4.32738010e-03 -6.40953034e-02 -4.49013012e-03
    5.33651980e-03 -6.48891032e-02 -3.17499996e-03 5.97087992e-03
    -6.48891032e-02 -1.64350006e-03 6.18726015e-03 -6.48891032e-02
    2.25597002e-17 5.97087992e-03 -6.48891032e-02 1.64350006e-03
    5.33651980e-03 -6.48891032e-02 3.17499996e-03 4.32738010e-03
    -6.48891032e-02 4.49013012e-03 3.01225996e-03 -6.48891032e-02
    5.49926003e-03 1.48076005e-03 -6.48891032e-02 6.13362994e-03
    -1.62744996e-04 -6.48891032e-02 6.34999992e-03 -3.20029003e-03
    -6.48891032e-02 7.33328983e-03 -6.29637018e-03 -6.48891032e-02
    -1.64350006e-03 -6.29637018e-03 -6.48891032e-02 -1.64350006e-03
    -5.66201005e-03 -6.48891032e-02 -3.17499996e-03 -3.33773997e-03
