<?xml version="1.0"?>
<opencv_storage>
<edge_template_pose008 type_id="opencv-matrix">
  <rows>4</rows>
  <cols>4</cols>
  <dt>f</dt>
  <data>
    9.65925813e-01 -2.58819044e-01 0. 0. 2.24143863e-01 8.36516261e-01
    5.00000000e-01 0. -1.29409522e-01 -4.82962906e-01 8.66025388e-01
    2.50000000e-01 0. 0. 0. 1.</data></edge_template_pose008>
</opencv_storage>
