<?xml version="1.0"?>
<opencv_storage>
<exit_sign_notext type_id="opencv-matrix">
  <rows>647</rows>
  <cols>3</cols>
  <dt>f</dt>
  <data>
    75. 124. 124. 8.98026023e-03 0. 8.98026023e-03 8.98026023e-03 0.
    8.98026023e-03 6.34999992e-03 0. 1.09984996e-02 6.34999992e-03
    -2.54000008e-01 1.09984996e-02 6.34999992e-03 -2.54000008e-01
    1.09984996e-02 8.98026023e-03 -2.54000008e-01 8.98026023e-03
    2.09549993e-01 0. 3.33374999e-02 2.09549993e-01 0. 3.33374999e-02
    2.09549993e-01 0. 3.33374999e-02 1.09984996e-02 0. 6.34999992e-03
    1.22672999e-02 0. 3.28700012e-03 1.26999998e-02 0. 9.02388999e-17
    1.22672999e-02 0. -3.28700012e-03 1.09984996e-02 0. -6.34999992e-03
    8.98026023e-03 0. -8.98026023e-03 6.34999992e-03 0. -1.09984996e-02
    3.28700012e-03 0. -1.22672999e-02 2.09549993e-01 0. -3.33374999e-02
    2.09549993e-01 0. -3.33374999e-02 -2.25597002e-17 0. -1.26999998e-02
    -2.09549993e-01 0. -3.33374999e-02 -2.09549993e-01 0.
    -3.33374999e-02 -3.28700012e-03 0. -1.22672999e-02 -2.09549993e-01
    0. 3.33374999e-02 -6.34999992e-03 0. -1.09984996e-02 -3.28700012e-03
    -2.54000008e-01 -1.22672999e-02 -3.28700012e-03 -2.54000008e-01
    -1.22672999e-02 -6.34999992e-03 -2.54000008e-01 -1.09984996e-02
    -2.25597002e-17 -2.54000008e-01 -1.26999998e-02 3.28700012e-03
    -2.54000008e-01 -1.22672999e-02 6.34999992e-03 -2.54000008e-01
    -1.09984996e-02 8.98026023e-03 -2.54000008e-01 -8.98026023e-03
    1.09984996e-02 -2.54000008e-01 -6.34999992e-03 1.22672999e-02
    -2.54000008e-01 -3.28700012e-03 1.26999998e-02 -2.54000008e-01 0.
    1.22672999e-02 -2.54000008e-01 3.28700012e-03 3.28700012e-03
    -2.54000008e-01 1.22672999e-02 -2.25597002e-17 -2.54000008e-01
    1.26999998e-02 -3.28700012e-03 -2.54000008e-01 1.22672999e-02
    -6.34999992e-03 -2.54000008e-01 1.09984996e-02 -8.98026023e-03
    -2.54000008e-01 8.98026023e-03 -1.09984996e-02 -2.54000008e-01
    6.34999992e-03 -1.22672999e-02 -2.54000008e-01 3.28700012e-03
    -1.26999998e-02 -2.54000008e-01 0. -1.22672999e-02 -2.54000008e-01
    -3.28700012e-03 -1.09984996e-02 -2.54000008e-01 -6.34999992e-03
    3.28700012e-03 0. 1.22672999e-02 -2.25597002e-17 0. 1.26999998e-02
    -3.28700012e-03 0. 1.22672999e-02 -6.34999992e-03 0. 1.09984996e-02
    -8.98026023e-03 0. 8.98026023e-03 -1.09984996e-02 0. 6.34999992e-03
    -1.22672999e-02 0. 3.28700012e-03 -1.26999998e-02 0. 9.02388999e-17
    -1.22672999e-02 0. -3.28700012e-03 -1.09984996e-02 0.
    -6.34999992e-03 -2.09549993e-01 4.12749983e-02 3.33374999e-02
    2.09549993e-01 4.12749983e-02 3.33374999e-02 -2.09549993e-01
    9.20749977e-02 1.58750005e-02 -2.09549993e-01 9.20749977e-02
    1.58750005e-02 -2.09549993e-01 9.20749977e-02 -1.58750005e-02
    -2.09549993e-01 9.20749977e-02 -1.58750005e-02 -1.77800000e-01
    9.20749977e-02 -6.34999992e-03 -1.77800000e-01 9.20749977e-02
    -6.34999992e-03 2.09549993e-01 9.20749977e-02 -1.58750005e-02
    2.09549993e-01 9.20749977e-02 -1.58750005e-02 1.77800000e-01
    9.20749977e-02 -6.34999992e-03 1.77800000e-01 9.20749977e-02
    -6.34999992e-03 1.77800000e-01 9.20749977e-02 6.34999992e-03
    1.77800000e-01 9.20749977e-02 6.34999992e-03 1.77800000e-01
    2.82575011e-01 -6.34999992e-03 1.77800000e-01 2.82575011e-01
    -6.34999992e-03 1.77800000e-01 2.82575011e-01 6.34999992e-03
    -1.77800000e-01 2.82575011e-01 -6.34999992e-03 -1.77800000e-01
    9.20749977e-02 6.34999992e-03 6.34999992e-03 0. 1.09984996e-02
    1.09984996e-02 0. 6.34999992e-03 3.28700012e-03 0. 1.22672999e-02
    8.98026023e-03 -2.54000008e-01 8.98026023e-03 3.28700012e-03
    -2.54000008e-01 1.22672999e-02 1.09984996e-02 -2.54000008e-01
    6.34999992e-03 2.09549993e-01 0. -3.33374999e-02 -2.09549993e-01 0.
    3.33374999e-02 2.09549993e-01 4.12749983e-02 3.33374999e-02
    1.22672999e-02 0. 3.28700012e-03 1.26999998e-02 0. 9.02388999e-17
    1.22672999e-02 0. -3.28700012e-03 1.09984996e-02 0. -6.34999992e-03
    8.98026023e-03 0. -8.98026023e-03 6.34999992e-03 0. -1.09984996e-02
    3.28700012e-03 0. -1.22672999e-02 -2.25597002e-17 0. -1.26999998e-02
    -2.09549993e-01 0. -3.33374999e-02 2.09549993e-01 4.12749983e-02
    -3.33374999e-02 -3.28700012e-03 0. -1.22672999e-02 -2.09549993e-01
    0. 3.33374999e-02 -2.09549993e-01 4.12749983e-02 -3.33374999e-02
    -6.34999992e-03 0. -1.09984996e-02 -2.09549993e-01 4.12749983e-02
    3.33374999e-02 -8.98026023e-03 0. -8.98026023e-03 -6.34999992e-03
    -2.54000008e-01 -1.09984996e-02 -2.25597002e-17 -2.54000008e-01
    -1.26999998e-02 -8.98026023e-03 -2.54000008e-01 -8.98026023e-03
    3.28700012e-03 -2.54000008e-01 -1.22672999e-02 6.34999992e-03
    -2.54000008e-01 -1.09984996e-02 8.98026023e-03 -2.54000008e-01
    -8.98026023e-03 1.09984996e-02 -2.54000008e-01 -6.34999992e-03
    1.22672999e-02 -2.54000008e-01 -3.28700012e-03 1.26999998e-02
    -2.54000008e-01 0. 1.22672999e-02 -2.54000008e-01 3.28700012e-03
    1.09984996e-02 -2.54000008e-01 6.34999992e-03 -2.25597002e-17
    -2.54000008e-01 1.26999998e-02 -3.28700012e-03 -2.54000008e-01
    1.22672999e-02 -6.34999992e-03 -2.54000008e-01 1.09984996e-02
    -8.98026023e-03 -2.54000008e-01 8.98026023e-03 -1.09984996e-02
    -2.54000008e-01 6.34999992e-03 -1.22672999e-02 -2.54000008e-01
    3.28700012e-03 -1.26999998e-02 -2.54000008e-01 0. -1.22672999e-02
    -2.54000008e-01 -3.28700012e-03 -1.09984996e-02 -2.54000008e-01
    -6.34999992e-03 -8.98026023e-03 -2.54000008e-01 -8.98026023e-03
    -2.25597002e-17 0. 1.26999998e-02 -3.28700012e-03 0. 1.22672999e-02
    -6.34999992e-03 0. 1.09984996e-02 -8.98026023e-03 0. 8.98026023e-03
    -1.09984996e-02 0. 6.34999992e-03 -1.22672999e-02 0. 3.28700012e-03
    -1.26999998e-02 0. 9.02388999e-17 -1.22672999e-02 0. -3.28700012e-03
    -1.09984996e-02 0. -6.34999992e-03 -8.98026023e-03 0.
    -8.98026023e-03 -2.09549993e-01 9.20749977e-02 1.58750005e-02
    2.09549993e-01 9.20749977e-02 1.58750005e-02 -2.09549993e-01
    9.20749977e-02 -1.58750005e-02 2.09549993e-01 9.20749977e-02
    1.58750005e-02 -2.09549993e-01 4.12749983e-02 -3.33374999e-02
    2.09549993e-01 9.20749977e-02 -1.58750005e-02 1.77800000e-01
    9.20749977e-02 -6.34999992e-03 -1.77800000e-01 2.82575011e-01
    -6.34999992e-03 2.09549993e-01 9.20749977e-02 1.58750005e-02
    2.09549993e-01 4.12749983e-02 -3.33374999e-02 1.77800000e-01
    9.20749977e-02 6.34999992e-03 1.77800000e-01 2.82575011e-01
    -6.34999992e-03 1.77800000e-01 2.82575011e-01 6.34999992e-03
    -1.77800000e-01 9.20749977e-02 6.34999992e-03 1.77800000e-01
    2.82575011e-01 6.34999992e-03 -1.77800000e-01 2.82575011e-01
    -6.34999992e-03 -1.77800000e-01 2.82575011e-01 6.34999992e-03
    -1.77800000e-01 2.82575011e-01 6.34999992e-03 -1.77800000e-01
    2.82575011e-01 6.34999992e-03 6.34999992e-03 -2.54000008e-01
    1.09984996e-02 8.98026023e-03 -2.54000008e-01 8.98026023e-03
    8.98026023e-03 0. 8.98026023e-03 6.34999992e-03 0. 1.09984996e-02
    2.09549993e-01 0. 3.33374999e-02 3.28700012e-03 -2.54000008e-01
    1.22672999e-02 8.98026023e-03 -2.54000008e-01 8.98026023e-03
    8.98026023e-03 -2.54000008e-01 8.98026023e-03 1.09984996e-02 0.
    6.34999992e-03 1.22672999e-02 0. 3.28700012e-03 1.26999998e-02 0.
    9.02388999e-17 1.22672999e-02 0. -3.28700012e-03 1.09984996e-02 0.
    -6.34999992e-03 8.98026023e-03 0. -8.98026023e-03 6.34999992e-03 0.
    -1.09984996e-02 3.28700012e-03 0. -1.22672999e-02 3.28700012e-03 0.
    1.22672999e-02 2.09549993e-01 0. 3.33374999e-02 2.09549993e-01 0.
    3.33374999e-02 2.09549993e-01 0. 3.33374999e-02 1.09984996e-02 0.
    6.34999992e-03 1.22672999e-02 0. 3.28700012e-03 1.09984996e-02
    -2.54000008e-01 6.34999992e-03 1.26999998e-02 0. 9.02388999e-17
    1.22672999e-02 -2.54000008e-01 3.28700012e-03 1.22672999e-02 0.
    -3.28700012e-03 1.26999998e-02 -2.54000008e-01 0. 1.09984996e-02 0.
    -6.34999992e-03 1.22672999e-02 -2.54000008e-01 -3.28700012e-03
    8.98026023e-03 0. -8.98026023e-03 1.09984996e-02 -2.54000008e-01
    -6.34999992e-03 6.34999992e-03 0. -1.09984996e-02 8.98026023e-03
