<?xml version="1.0"?>
<opencv_storage>
<edge_template_pose001 type_id="opencv-matrix">
  <rows>4</rows>
  <cols>4</cols>
  <dt>f</dt>
  <data>
    4.99999970e-01 0. -8.66025448e-01 0. 0. 1. 0. 0. 8.66025448e-01 0.
    4.99999970e-01 1. 0. 0. 0. 1.</data></edge_template_pose001>
</opencv_storage>
