<?xml version="1.0"?>
<opencv_storage>
<edge_template_pose015 type_id="opencv-matrix">
  <rows>4</rows>
  <cols>4</cols>
  <dt>f</dt>
  <data>
    4.99999970e-01 0. 8.66025448e-01 0. -7.50000060e-01 4.99999970e-01
    4.33012694e-01 0. -4.33012694e-01 -8.66025448e-01 2.49999970e-01 1.
    0. 0. 0. 1.</data></edge_template_pose015>
</opencv_storage>
