<?xml version="1.0"?>
<opencv_storage>
<block type_id="opencv-matrix">
  <rows>1297</rows>
  <cols>3</cols>
  <dt>f</dt>
  <data>
    0. 324. 324. 1.90500002e-02 -1.90500002e-02 -1.90500002e-02
    -1.90500002e-02 -1.90500002e-02 -1.90500002e-02 1.90500002e-02
    -1.90500002e-02 -1.90500002e-02 5.49926003e-03 -1.90500002e-02
    -3.17499996e-03 1.90500002e-02 -1.90500002e-02 -1.90500002e-02
    1.90500002e-02 -1.90500002e-02 -1.90500002e-02 1.90500002e-02
    -1.90500002e-02 -1.90500002e-02 1.90500002e-02 -3.17499996e-03
    -5.49926003e-03 1.90500002e-02 -1.90500002e-02 -1.90500002e-02
    1.90500002e-02 -1.90500002e-02 -1.90500002e-02 1.90500002e-02
    -1.90500002e-02 -1.90500002e-02 1.90500002e-02 -1.90500002e-02
    -1.90500002e-02 1.90500002e-02 -1.90500002e-02 -1.90500002e-02
    1.90500002e-02 -1.90500002e-02 -1.90500002e-02 1.90500002e-02
    -1.90500002e-02 -1.90500002e-02 1.90500002e-02 -1.90500002e-02
    -1.90500002e-02 1.90500002e-02 -1.90500002e-02 -1.90500002e-02
    1.90500002e-02 -1.90500002e-02 -1.90500002e-02 3.17499996e-03
    -1.90500002e-02 -5.49926003e-03 4.49013012e-03 -1.90500002e-02
    -4.49013012e-03 3.17499996e-03 -1.90500002e-02 -5.49926003e-03
    1.64350006e-03 -1.90500002e-02 -6.13362994e-03 -2.81996996e-18
    -1.90500002e-02 -6.34999992e-03 -1.64350006e-03 -1.90500002e-02
    -6.13362994e-03 -3.17499996e-03 -1.90500002e-02 -5.49926003e-03
    -4.49013012e-03 -1.90500002e-02 -4.49013012e-03 -5.49926003e-03
    -1.90500002e-02 -3.17499996e-03 -1.90500002e-02 -1.90500002e-02
    1.90500002e-02 -1.90500002e-02 -1.90500002e-02 -1.90500002e-02
    -1.90500002e-02 -1.90500002e-02 -1.90500002e-02 -1.90500002e-02
    -1.90500002e-02 -1.90500002e-02 -5.49926003e-03 3.17499996e-03
    -1.90500002e-02 -6.13362994e-03 1.64350006e-03 -1.90500002e-02
    -6.34999992e-03 2.19957000e-16 -1.90500002e-02 -6.13362994e-03
    -1.64350006e-03 -1.90500002e-02 -5.49926003e-03 -3.17499996e-03
    -1.90500002e-02 -1.90500002e-02 -1.90500002e-02 -1.90500002e-02
    -1.90500002e-02 -1.90500002e-02 -1.90500002e-02 -1.90500002e-02
    -5.49926003e-03 3.17499996e-03 -1.90500002e-02 -6.13362994e-03
    1.64350006e-03 -1.90500002e-02 -6.34999992e-03 9.58789018e-17
    -1.90500002e-02 -6.13362994e-03 -1.64350006e-03 -1.90500002e-02
    -5.49926003e-03 -3.17499996e-03 5.49926003e-03 -1.90500002e-02
    -3.17499996e-03 1.64350006e-03 -1.90500002e-02 -6.13362994e-03
    -2.81996996e-18 -1.90500002e-02 -6.34999992e-03 -1.64350006e-03
    -1.90500002e-02 -6.13362994e-03 -3.17499996e-03 -1.90500002e-02
    -5.49926003e-03 -4.49013012e-03 -1.90500002e-02 -4.49013012e-03
    -5.49926003e-03 -1.90500002e-02 -3.17499996e-03 -5.49926003e-03
    -1.90500002e-02 -3.17499996e-03 -6.13362994e-03 -1.90500002e-02
    -1.64350006e-03 -6.34999992e-03 -1.90500002e-02 2.81996996e-18
    -6.13362994e-03 -1.90500002e-02 1.64350006e-03 -5.49926003e-03
    -1.90500002e-02 3.17499996e-03 -4.49013012e-03 -1.90500002e-02
    4.49013012e-03 -3.17499996e-03 -1.90500002e-02 5.49926003e-03
    -1.64350006e-03 -1.90500002e-02 6.13362994e-03 -5.63993000e-18
    -1.90500002e-02 6.34999992e-03 1.90500002e-02 -1.90500002e-02
    1.90500002e-02 -1.90500002e-02 -3.17499996e-03 5.49926003e-03
    -1.90500002e-02 -1.90500002e-02 1.90500002e-02 -1.90500002e-02
    -4.49013012e-03 4.49013012e-03 -1.90500002e-02 -5.49926003e-03
    3.17499996e-03 -1.90500002e-02 -1.90500002e-02 1.90500002e-02
    -1.90500002e-02 -1.90500002e-02 1.90500002e-02 -3.17499996e-03
    -5.49926003e-03 1.90500002e-02 -6.13362994e-03 -1.90500002e-02
    -1.64350006e-03 -6.34999992e-03 -1.90500002e-02 2.81996996e-18
    -6.13362994e-03 -1.90500002e-02 1.64350006e-03 -5.49926003e-03
    -1.90500002e-02 3.17499996e-03 -4.49013012e-03 -1.90500002e-02
    4.49013012e-03 -3.17499996e-03 -1.90500002e-02 5.49926003e-03
    -1.64350006e-03 -1.90500002e-02 6.13362994e-03 -5.63993000e-18
    -1.90500002e-02 6.34999992e-03 -5.63993000e-18 -1.90500002e-02
    6.34999992e-03 1.64350006e-03 -1.90500002e-02 6.13362994e-03
    3.17499996e-03 -1.90500002e-02 5.49926003e-03 4.49013012e-03
    -1.90500002e-02 4.49013012e-03 5.49926003e-03 -1.90500002e-02
    3.17499996e-03 6.13362994e-03 -1.90500002e-02 1.64350006e-03
    6.34999992e-03 -1.90500002e-02 5.63993000e-18 6.13362994e-03
    -1.90500002e-02 -1.64350006e-03 5.49926003e-03 -1.90500002e-02
    -3.17499996e-03 1.90500002e-02 -5.49926003e-03 -3.17499996e-03
    1.90500002e-02 -6.13362994e-03 -1.64350006e-03 1.90500002e-02
    -6.34999992e-03 3.38396015e-17 1.90500002e-02 -6.13362994e-03
    1.64350006e-03 1.90500002e-02 -5.49926003e-03 3.17499996e-03
    1.90500002e-02 -4.49013012e-03 4.49013012e-03 1.90500002e-02
    -3.17499996e-03 5.49926003e-03 1.90500002e-02 1.90500002e-02
    1.90500002e-02 6.34999992e-03 1.46638000e-16 1.90500002e-02
    6.13362994e-03 -1.64350006e-03 1.90500002e-02 5.49926003e-03
    -3.17499996e-03 1.90500002e-02 4.49013012e-03 -4.49013012e-03
    1.90500002e-02 3.17499996e-03 -5.49926003e-03 1.90500002e-02
    1.64350006e-03 -6.13362994e-03 1.90500002e-02 -2.81996996e-18
    -6.34999992e-03 1.90500002e-02 -1.64350006e-03 -6.13362994e-03
    1.90500002e-02 -3.17499996e-03 -5.49926003e-03 1.90500002e-02
    1.64350006e-03 -1.90500002e-02 6.13362994e-03 3.17499996e-03
    -1.90500002e-02 5.49926003e-03 4.49013012e-03 -1.90500002e-02
    4.49013012e-03 5.49926003e-03 -1.90500002e-02 3.17499996e-03
    6.13362994e-03 -1.90500002e-02 1.64350006e-03 6.34999992e-03
    -1.90500002e-02 5.63993000e-18 6.13362994e-03 -1.90500002e-02
    -1.64350006e-03 1.90500002e-02 -4.49013012e-03 -4.49013012e-03
    1.90500002e-02 -5.49926003e-03 -3.17499996e-03 1.90500002e-02
    -3.17499996e-03 -5.49926003e-03 1.90500002e-02 -6.13362994e-03
    -1.64350006e-03 1.90500002e-02 -6.34999992e-03 3.38396015e-17
    1.90500002e-02 -6.13362994e-03 1.64350006e-03 1.90500002e-02
    -5.49926003e-03 3.17499996e-03 1.90500002e-02 -4.49013012e-03
    4.49013012e-03 1.90500002e-02 -3.17499996e-03 5.49926003e-03
    1.90500002e-02 -3.17499996e-03 5.49926003e-03 1.90500002e-02
    -1.64350006e-03 6.13362994e-03 1.90500002e-02 1.69197994e-16
    6.34999992e-03 1.90500002e-02 1.64350006e-03 6.13362994e-03
    1.90500002e-02 3.17499996e-03 5.49926003e-03 1.90500002e-02
    4.49013012e-03 4.49013012e-03 1.90500002e-02 5.49926003e-03
    3.17499996e-03 1.90500002e-02 6.13362994e-03 1.64350006e-03
    1.90500002e-02 6.34999992e-03 2.25597002e-17 1.90500002e-02
    1.90500002e-02 -1.90500002e-02 5.49926003e-03 1.90500002e-02
    -3.17499996e-03 6.13362994e-03 1.90500002e-02 -1.64350006e-03
    6.34999992e-03 1.90500002e-02 5.63993000e-18 6.13362994e-03
    1.90500002e-02 1.64350006e-03 5.49926003e-03 1.90500002e-02
    3.17499996e-03 4.49013012e-03 1.90500002e-02 4.49013012e-03
    3.17499996e-03 1.90500002e-02 5.49926003e-03 1.64350006e-03
    1.90500002e-02 6.13362994e-03 -5.63993000e-18 1.90500002e-02
    6.34999992e-03 -1.90500002e-02 1.90500002e-02 1.90500002e-02
    -3.17499996e-03 5.49926003e-03 1.90500002e-02 -1.64350006e-03
    6.13362994e-03 1.90500002e-02 -2.81996996e-18 6.34999992e-03
    1.90500002e-02 1.64350006e-03 6.13362994e-03 1.90500002e-02
    3.17499996e-03 5.49926003e-03 1.90500002e-02 4.49013012e-03
    4.49013012e-03 1.90500002e-02 5.49926003e-03 3.17499996e-03
    1.90500002e-02 6.13362994e-03 1.64350006e-03 1.90500002e-02
    6.34999992e-03 1.46638000e-16 1.90500002e-02 1.90500002e-02
    -1.64350006e-03 6.13362994e-03 1.90500002e-02 1.69197994e-16
    6.34999992e-03 1.90500002e-02 1.64350006e-03 6.13362994e-03
    1.90500002e-02 3.17499996e-03 5.49926003e-03 1.90500002e-02
    4.49013012e-03 4.49013012e-03 1.90500002e-02 5.49926003e-03
    3.17499996e-03 1.90500002e-02 6.13362994e-03 1.64350006e-03
    1.90500002e-02 6.34999992e-03 2.25597002e-17 1.90500002e-02
    6.34999992e-03 2.25597002e-17 1.90500002e-02 6.13362994e-03
    -1.64350006e-03 1.90500002e-02 5.49926003e-03 -3.17499996e-03
    1.90500002e-02 4.49013012e-03 -4.49013012e-03 1.90500002e-02
