<?xml version="1.0"?>
<opencv_storage>
<box type_id="opencv-matrix">
  <rows>97</rows>
  <cols>3</cols>
  <dt>f</dt>
  <data>
    0. 24. 24. -4.44499999e-02 2.85749994e-02 -3.17500010e-02
    4.44499999e-02 -2.85749994e-02 -3.17500010e-02 -4.44499999e-02
    -2.85749994e-02 -3.17500010e-02 -4.44499999e-02 -2.85749994e-02
    3.17500010e-02 -4.44499999e-02 2.85749994e-02 3.17500010e-02
    -4.44499999e-02 2.85749994e-02 -3.17500010e-02 4.44499999e-02
    2.85749994e-02 -3.17500010e-02 4.44499999e-02 2.85749994e-02
    -3.17500010e-02 -4.44499999e-02 2.85749994e-02 3.17500010e-02
    4.44499999e-02 2.85749994e-02 3.17500010e-02 4.44499999e-02
    2.85749994e-02 -3.17500010e-02 4.44499999e-02 -2.85749994e-02
    -3.17500010e-02 4.44499999e-02 -2.85749994e-02 -3.17500010e-02
    4.44499999e-02 -2.85749994e-02 -3.17500010e-02 4.44499999e-02
    2.85749994e-02 3.17500010e-02 4.44499999e-02 -2.85749994e-02
    3.17500010e-02 -4.44499999e-02 -2.85749994e-02 3.17500010e-02
    -4.44499999e-02 -2.85749994e-02 -3.17500010e-02 4.44499999e-02
    -2.85749994e-02 3.17500010e-02 4.44499999e-02 -2.85749994e-02
    3.17500010e-02 -4.44499999e-02 2.85749994e-02 3.17500010e-02
    -4.44499999e-02 -2.85749994e-02 3.17500010e-02 -4.44499999e-02
    2.85749994e-02 3.17500010e-02 4.44499999e-02 2.85749994e-02
    3.17500010e-02 4.44499999e-02 2.85749994e-02 -3.17500010e-02
    -4.44499999e-02 2.85749994e-02 -3.17500010e-02 -4.44499999e-02
    2.85749994e-02 -3.17500010e-02 -4.44499999e-02 2.85749994e-02
    -3.17500010e-02 -4.44499999e-02 2.85749994e-02 -3.17500010e-02
    4.44499999e-02 2.85749994e-02 3.17500010e-02 4.44499999e-02
    -2.85749994e-02 -3.17500010e-02 -4.44499999e-02 -2.85749994e-02
    -3.17500010e-02 4.44499999e-02 2.85749994e-02 -3.17500010e-02
    4.44499999e-02 2.85749994e-02 -3.17500010e-02 4.44499999e-02
    -2.85749994e-02 3.17500010e-02 -4.44499999e-02 -2.85749994e-02
    -3.17500010e-02 4.44499999e-02 -2.85749994e-02 3.17500010e-02
    -4.44499999e-02 -2.85749994e-02 3.17500010e-02 4.44499999e-02
    -2.85749994e-02 -3.17500010e-02 -4.44499999e-02 -2.85749994e-02
    -3.17500010e-02 -4.44499999e-02 -2.85749994e-02 -3.17500010e-02
    -4.44499999e-02 2.85749994e-02 3.17500010e-02 -4.44499999e-02
    -2.85749994e-02 3.17500010e-02 4.44499999e-02 2.85749994e-02
    3.17500010e-02 4.44499999e-02 -2.85749994e-02 3.17500010e-02
    4.44499999e-02 2.85749994e-02 3.17500010e-02 -4.44499999e-02
    -2.85749994e-02 3.17500010e-02 -4.44499999e-02 2.85749994e-02
    3.17500010e-02 4.44499999e-02 -2.85749994e-02 -3.17500010e-02
    4.44499999e-02 2.85749994e-02 -3.17500010e-02 4.44499999e-02
    -2.85749994e-02 -3.17500010e-02 -4.44499999e-02 -2.85749994e-02
    -3.17500010e-02 -4.44499999e-02 -2.85749994e-02 3.17500010e-02
    -4.44499999e-02 2.85749994e-02 3.17500010e-02 -4.44499999e-02
    2.85749994e-02 -3.17500010e-02 4.44499999e-02 -2.85749994e-02
    -3.17500010e-02 -4.44499999e-02 2.85749994e-02 -3.17500010e-02
    -4.44499999e-02 2.85749994e-02 3.17500010e-02 4.44499999e-02
    2.85749994e-02 3.17500010e-02 -4.44499999e-02 2.85749994e-02
    -3.17500010e-02 -4.44499999e-02 -2.85749994e-02 -3.17500010e-02
    4.44499999e-02 -2.85749994e-02 3.17500010e-02 4.44499999e-02
    2.85749994e-02 -3.17500010e-02 4.44499999e-02 -2.85749994e-02
    -3.17500010e-02 4.44499999e-02 -2.85749994e-02 3.17500010e-02
    -4.44499999e-02 -2.85749994e-02 3.17500010e-02 -4.44499999e-02
    -2.85749994e-02 -3.17500010e-02 -4.44499999e-02 -2.85749994e-02
    3.17500010e-02 -4.44499999e-02 -2.85749994e-02 3.17500010e-02
    -4.44499999e-02 2.85749994e-02 3.17500010e-02 4.44499999e-02
    2.85749994e-02 3.17500010e-02 -4.44499999e-02 -2.85749994e-02
    3.17500010e-02 -4.44499999e-02 -2.85749994e-02 -3.17500010e-02
    -4.44499999e-02 -2.85749994e-02 -3.17500010e-02 4.44499999e-02
    2.85749994e-02 -3.17500010e-02 -4.44499999e-02 2.85749994e-02
    3.17500010e-02 -4.44499999e-02 -2.85749994e-02 -3.17500010e-02
    4.44499999e-02 2.85749994e-02 -3.17500010e-02 -4.44499999e-02
    -2.85749994e-02 -3.17500010e-02 -4.44499999e-02 2.85749994e-02
    -3.17500010e-02 4.44499999e-02 2.85749994e-02 3.17500010e-02
    -4.44499999e-02 2.85749994e-02 -3.17500010e-02 4.44499999e-02
    -2.85749994e-02 -3.17500010e-02 4.44499999e-02 2.85749994e-02
    -3.17500010e-02 -4.44499999e-02 -2.85749994e-02 3.17500010e-02
    -4.44499999e-02 -2.85749994e-02 -3.17500010e-02 4.44499999e-02
    -2.85749994e-02 3.17500010e-02 -4.44499999e-02 -2.85749994e-02
    3.17500010e-02 4.44499999e-02 -2.85749994e-02 -3.17500010e-02
    -4.44499999e-02 2.85749994e-02 -3.17500010e-02 4.44499999e-02
    -2.85749994e-02 -3.17500010e-02 -4.44499999e-02 2.85749994e-02
    3.17500010e-02 4.44499999e-02 2.85749994e-02 3.17500010e-02
    4.44499999e-02 -2.85749994e-02 3.17500010e-02 4.44499999e-02
    -2.85749994e-02 3.17500010e-02 4.44499999e-02 -2.85749994e-02
    3.17500010e-02</data></box>
</opencv_storage>
