<?xml version="1.0"?>
<opencv_storage>
<exit_sign type_id="opencv-matrix">
  <rows>1025</rows>
  <cols>3</cols>
  <dt>f</dt>
  <data>
    152. 180. 180. 2.35450994e-02 1.11125000e-01 -3.17499996e-03
    2.35450994e-02 1.11125000e-01 -3.17499996e-03 2.35450994e-02
    2.63525009e-01 -3.17499996e-03 4.24141996e-02 2.63525009e-01
    -3.17499996e-03 -8.76211971e-02 1.97133005e-01 -3.17499996e-03
    -8.76211971e-02 1.97133005e-01 -3.17499996e-03 -5.50291017e-02
    1.97133005e-01 -3.17499996e-03 -5.50291017e-02 1.79025993e-01
    -3.17499996e-03 -8.76211971e-02 1.79025993e-01 -3.17499996e-03
    -8.76211971e-02 1.30741000e-01 -3.17499996e-03 -5.50291017e-02
    1.30741000e-01 -3.17499996e-03 -5.50291017e-02 1.11125000e-01
    -3.17499996e-03 -1.04774997e-01 1.11125000e-01 -3.17499996e-03
    -1.04774997e-01 2.63525009e-01 -3.17499996e-03 -5.50291017e-02
    2.63525009e-01 -3.17499996e-03 -5.50291017e-02 2.45417997e-01
    -3.17499996e-03 5.33136986e-02 1.11125000e-01 -3.17499996e-03
    5.33136986e-02 1.11125000e-01 -3.17499996e-03 5.33136986e-02
    1.30741000e-01 -3.17499996e-03 6.87521026e-02 1.30741000e-01
    -3.17499996e-03 6.87521026e-02 2.63525009e-01 -3.17499996e-03
    8.76211971e-02 2.63525009e-01 -3.17499996e-03 8.76211971e-02
    1.30741000e-01 -3.17499996e-03 1.04774997e-01 1.30741000e-01
    -3.17499996e-03 -5.50922984e-03 1.87343001e-01 -3.17499996e-03
    -5.50922984e-03 1.87343001e-01 -3.17499996e-03 1.33598996e-02
    1.11125000e-01 -3.17499996e-03 -5.50922984e-03 1.11125000e-01
    -3.17499996e-03 -1.57354996e-02 1.48077995e-01 -3.17499996e-03
    -2.43529007e-02 1.11125000e-01 -3.17499996e-03 -4.37274985e-02
    1.11125000e-01 -3.17499996e-03 -2.43529007e-02 1.87343001e-01
    -3.17499996e-03 -4.54668999e-02 2.63525009e-01 -3.17499996e-03
    -2.48822998e-02 2.63525009e-01 -3.17499996e-03 -1.57354996e-02
    2.27107003e-01 -3.17499996e-03 -5.50922984e-03 2.63525009e-01
    -3.17499996e-03 -4.24141996e-02 1.11125000e-01 3.17499996e-03
    -4.24141996e-02 1.11125000e-01 3.17499996e-03 -4.24141996e-02
    2.63525009e-01 3.17499996e-03 -2.35450994e-02 2.63525009e-01
    3.17499996e-03 8.76211971e-02 2.45417997e-01 3.17499996e-03
    8.76211971e-02 2.45417997e-01 3.17499996e-03 5.50291017e-02
    2.45417997e-01 3.17499996e-03 5.50291017e-02 2.63525009e-01
    3.17499996e-03 1.04774997e-01 2.63525009e-01 3.17499996e-03
    1.04774997e-01 1.11125000e-01 3.17499996e-03 5.50291017e-02
    1.11125000e-01 3.17499996e-03 5.50291017e-02 1.30741000e-01
    3.17499996e-03 8.76211971e-02 1.30741000e-01 3.17499996e-03
    8.76211971e-02 1.79025993e-01 3.17499996e-03 5.50291017e-02
    1.79025993e-01 3.17499996e-03 5.50291017e-02 1.97133005e-01
    3.17499996e-03 -1.04774997e-01 1.11125000e-01 3.17499996e-03
    -1.04774997e-01 1.11125000e-01 3.17499996e-03 -1.04774997e-01
    1.30741000e-01 3.17499996e-03 -8.76211971e-02 1.30741000e-01
    3.17499996e-03 -8.76211971e-02 2.63525009e-01 3.17499996e-03
    -6.87521026e-02 2.63525009e-01 3.17499996e-03 -6.87521026e-02
    1.30741000e-01 3.17499996e-03 -5.33136986e-02 1.30741000e-01
    3.17499996e-03 -1.33598996e-02 2.63525009e-01 3.17499996e-03
    -1.33598996e-02 2.63525009e-01 3.17499996e-03 5.50922984e-03
    2.63525009e-01 3.17499996e-03 1.57354996e-02 2.27107003e-01
    3.17499996e-03 2.48822998e-02 2.63525009e-01 3.17499996e-03
    4.54668999e-02 2.63525009e-01 3.17499996e-03 2.43529007e-02
    1.87343001e-01 3.17499996e-03 4.37274985e-02 1.11125000e-01
    3.17499996e-03 2.43529007e-02 1.11125000e-01 3.17499996e-03
    1.57354996e-02 1.48077995e-01 3.17499996e-03 5.50922984e-03
    1.11125000e-01 3.17499996e-03 -1.33598996e-02 1.11125000e-01
    3.17499996e-03 1.77800000e-01 9.20749977e-02 6.34999992e-03
    1.77800000e-01 9.20749977e-02 6.34999992e-03 -1.77800000e-01
    9.20749977e-02 6.34999992e-03 -1.77800000e-01 9.20749977e-02
    -2.25597002e-17 -1.77800000e-01 9.20749977e-02 -2.25597002e-17
    1.77800000e-01 9.20749977e-02 -2.25597002e-17 1.77800000e-01
    9.20749977e-02 -2.25597002e-17 -2.09549993e-01 9.20749977e-02
    1.58750005e-02 -2.09549993e-01 9.20749977e-02 1.58750005e-02
    -2.09549993e-01 9.20749977e-02 1.58750005e-02 -1.77800000e-01
    9.20749977e-02 -6.34999992e-03 -2.09549993e-01 9.20749977e-02
    -1.58750005e-02 -2.09549993e-01 9.20749977e-02 -1.58750005e-02
    2.09549993e-01 9.20749977e-02 -1.58750005e-02 2.09549993e-01
    9.20749977e-02 -1.58750005e-02 1.77800000e-01 9.20749977e-02
    -6.34999992e-03 2.09549993e-01 9.20749977e-02 1.58750005e-02
    1.77800000e-01 2.82575011e-01 -6.34999992e-03 1.77800000e-01
    2.82575011e-01 -6.34999992e-03 1.77800000e-01 2.82575011e-01
    6.76792030e-17 1.77800000e-01 2.82575011e-01 6.76792030e-17
    -1.77800000e-01 2.82575011e-01 -6.34999992e-03 -1.77800000e-01
    2.82575011e-01 6.76792030e-17 1.77800000e-01 2.82575011e-01
    6.34999992e-03 -2.09549993e-01 4.12749983e-02 3.33374999e-02
    2.09549993e-01 4.12749983e-02 3.33374999e-02 -2.09549993e-01
    4.12749983e-02 -3.33374999e-02 -2.09549993e-01 0. -3.33374999e-02
    -2.09549993e-01 0. -3.33374999e-02 -2.09549993e-01 0. 3.33374999e-02
    2.09549993e-01 4.12749983e-02 -3.33374999e-02 2.09549993e-01 0.
    3.33374999e-02 -2.25597002e-17 0. 1.26999998e-02 -2.25597002e-17 0.
    1.26999998e-02 -3.28700012e-03 0. 1.22672999e-02 -6.34999992e-03 0.
    1.09984996e-02 -8.98026023e-03 0. 8.98026023e-03 -1.09984996e-02 0.
    6.34999992e-03 -1.22672999e-02 0. 3.28700012e-03 -1.26999998e-02 0.
    9.02388999e-17 -1.22672999e-02 0. -3.28700012e-03 -1.09984996e-02 0.
    -6.34999992e-03 -8.98026023e-03 0. -8.98026023e-03 -6.34999992e-03
    0. -1.09984996e-02 -3.28700012e-03 0. -1.22672999e-02
    -2.25597002e-17 0. -1.26999998e-02 3.28700012e-03 0. -1.22672999e-02
    6.34999992e-03 0. -1.09984996e-02 8.98026023e-03 0. -8.98026023e-03
    1.09984996e-02 0. -6.34999992e-03 1.22672999e-02 0. -3.28700012e-03
    1.26999998e-02 0. 9.02388999e-17 1.22672999e-02 0. 3.28700012e-03
    1.09984996e-02 0. 6.34999992e-03 8.98026023e-03 0. 8.98026023e-03
    6.34999992e-03 0. 1.09984996e-02 -2.25597002e-17 -2.54000008e-01
    1.26999998e-02 -2.25597002e-17 -2.54000008e-01 1.26999998e-02
    3.28700012e-03 -2.54000008e-01 1.22672999e-02 -3.28700012e-03
    -2.54000008e-01 1.22672999e-02 -6.34999992e-03 -2.54000008e-01
    1.09984996e-02 -8.98026023e-03 -2.54000008e-01 8.98026023e-03
    -1.09984996e-02 -2.54000008e-01 6.34999992e-03 -1.22672999e-02
    -2.54000008e-01 3.28700012e-03 -1.26999998e-02 -2.54000008e-01 0.
    -1.22672999e-02 -2.54000008e-01 -3.28700012e-03 -1.09984996e-02
    -2.54000008e-01 -6.34999992e-03 -8.98026023e-03 -2.54000008e-01
    -8.98026023e-03 -6.34999992e-03 -2.54000008e-01 -1.09984996e-02
    -3.28700012e-03 -2.54000008e-01 -1.22672999e-02 -2.25597002e-17
    -2.54000008e-01 -1.26999998e-02 3.28700012e-03 -2.54000008e-01
    -1.22672999e-02 6.34999992e-03 -2.54000008e-01 -1.09984996e-02
    8.98026023e-03 -2.54000008e-01 -8.98026023e-03 1.09984996e-02
    -2.54000008e-01 -6.34999992e-03 1.22672999e-02 -2.54000008e-01
    -3.28700012e-03 1.26999998e-02 -2.54000008e-01 0. 1.22672999e-02
    -2.54000008e-01 3.28700012e-03 1.09984996e-02 -2.54000008e-01
    6.34999992e-03 8.98026023e-03 -2.54000008e-01 8.98026023e-03
    2.35450994e-02 2.63525009e-01 -3.17499996e-03 4.24141996e-02
    1.11125000e-01 -3.17499996e-03 4.24141996e-02 2.63525009e-01
    -3.17499996e-03 4.24141996e-02 1.11125000e-01 -3.17499996e-03
    -5.50291017e-02 1.97133005e-01 -3.17499996e-03 -8.76211971e-02
    2.45417997e-01 -3.17499996e-03 -5.50291017e-02 1.79025993e-01
    -3.17499996e-03 -8.76211971e-02 1.79025993e-01 -3.17499996e-03
    -8.76211971e-02 1.30741000e-01 -3.17499996e-03 -5.50291017e-02
    1.30741000e-01 -3.17499996e-03 -5.50291017e-02 1.11125000e-01
    -3.17499996e-03 -1.04774997e-01 1.11125000e-01 -3.17499996e-03
    -1.04774997e-01 2.63525009e-01 -3.17499996e-03 -5.50291017e-02
    2.63525009e-01 -3.17499996e-03 -5.50291017e-02 2.45417997e-01
