<?xml version="1.0"?>
<opencv_storage>
<edge_template_pose009 type_id="opencv-matrix">
  <rows>4</rows>
  <cols>4</cols>
  <dt>f</dt>
  <data>
    9.65925813e-01 2.58819044e-01 0. 0. -2.58819044e-01 9.65925813e-01
    0. 0. 0. 0. 1. 2.50000000e-01 0. 0. 0. 1.</data></edge_template_pose009>
</opencv_storage>
