<?xml version="1.0"?>
<opencv_storage>
<edge_template_pose005 type_id="opencv-matrix">
  <rows>4</rows>
  <cols>4</cols>
  <dt>f</dt>
  <data>
    9.65925813e-01 2.58819044e-01 0. 0. -1.29409507e-01 4.82962877e-01
    8.66025448e-01 0. 2.24143878e-01 -8.36516321e-01 4.99999970e-01
    2.50000000e-01 0. 0. 0. 1.</data></edge_template_pose005>
</opencv_storage>
